4.770 9.961
5.126 9.370
4.944 13.194
4.559 5.659
5.219 8.090
5.323 14.891
5.299 12.581
5.065 4.790
4.847 4.335
5.424 14.968
4.870 -0.540
4.954 3.193
5.016 12.613
5.071 12.220
5.208 14.053
4.222 -2.655
5.360 16.102
4.370 1.655
4.932 10.137
4.768 7.930
4.679 10.806
4.847 11.927
4.150 4.061
4.989 8.311
4.459 1.026
4.830 8.957
5.018 8.962
5.007 13.410
5.269 10.161
4.557 8.240
4.879 10.394
5.581 18.764
4.782 16.213
4.753 10.360
5.016 5.417
5.048 14.565
4.533 1.098
5.160 10.769
5.232 13.726
4.931 18.621
5.307 7.851
4.675 16.855
5.098 14.449
4.422 5.097
5.306 1.457
5.061 15.829
4.925 5.586
5.425 13.642
5.496 11.783
5.098 7.361
4.841 10.950
5.276 8.070
5.185 11.157
4.607 8.817
5.254 18.392
4.316 -0.519
4.364 3.128
5.097 9.171
5.178 11.225
5.100 10.164
5.320 13.256
5.090 13.877
5.368 11.455
5.351 19.658
5.216 12.332
4.698 5.188
4.898 4.003
4.957 13.435
4.842 8.828
4.751 5.493
4.944 14.091
4.698 7.883
5.292 15.055
5.412 16.279
4.869 13.237
5.079 9.885
5.210 13.148
4.861 3.926
4.430 4.422
4.984 11.626
4.251 1.920
4.642 8.209
5.047 14.311
4.601 9.809
4.864 7.768
3.983 -3.835
5.118 15.637
5.110 11.324
5.517 15.573
4.804 8.395
4.661 5.454
4.561 7.099
5.017 13.514
4.974 14.941
4.795 8.077
5.090 7.658
5.084 11.765
5.112 6.452
4.609 6.618
5.428 14.490
5.303 17.136
4.672 12.308
4.788 3.052
4.682 3.670
5.391 12.823
4.484 2.066
4.971 12.910
4.600 7.262
4.924 3.866
5.275 9.193
4.915 7.554
5.167 12.046
4.336 0.779
5.083 12.418
4.948 11.607
4.326 6.353
4.178 -1.764
4.845 11.694
5.045 8.009
5.260 18.871
5.102 12.451
5.394 14.969
5.068 5.169
4.901 3.725
4.846 16.214
5.197 7.690
4.845 16.582
5.169 14.765
5.141 12.408
5.307 12.963
5.166 14.346
4.935 12.178
4.894 11.500
5.409 15.566
4.870 9.911
5.607 22.405
4.882 9.806
5.005 10.603
5.194 15.844
5.256 8.861
5.032 8.883
5.183 9.577
5.081 19.000
4.582 -1.251
5.003 7.648
4.769 12.836
4.669 3.012
5.613 15.817
5.081 13.552
4.735 10.377
5.708 18.824
5.667 20.464
4.922 8.077
4.951 7.272
4.946 18.390
5.362 22.303
5.574 18.221
5.642 17.786
4.918 9.939
4.912 10.473
4.925 3.477
4.860 7.406
4.691 14.367
4.731 6.703
5.167 8.499
4.589 11.166
4.687 3.940
5.556 19.877
5.353 14.980
4.687 -0.895
5.065 13.947
4.923 6.335
5.248 11.491
4.554 5.567
4.828 6.479
5.784 16.619
5.302 15.583
4.971 20.403
4.322 2.053
5.005 11.632
4.793 8.394
4.876 14.273
5.365 19.438
4.845 5.030
4.616 7.533
4.942 10.560
5.071 11.894
4.585 -0.487
5.183 16.168
4.033 0.543
4.534 0.951
4.741 7.825
4.624 4.323
5.651 17.057
4.922 14.941
4.062 -5.423
5.223 3.339
4.755 -1.135
4.885 -3.463
5.541 15.263
